learning_rate: 0.001000
diff_weight: 0.100000
batch_size: 128
K_R: 32
